# t (s)	mx ()	my ()	mz ()
0	0.96845245	1.6535523e-08	-2.638995e-10
1.0102086293270965e-12	0.968434	5.95154e-05	-0.00073892775
2.008891790626765e-12	0.96838963	0.0002068204	-0.0014673766
3.0074462771602173e-12	0.96831965	0.00044162106	-0.0021934866
4.016630776357673e-12	0.9682232	0.00076730154	-0.0029248223
5.017196994046464e-12	0.968102	0.0011773321	-0.0036471998
6.0258039840958286e-12	0.96795416	0.0016778334	-0.004372421
7.024115545184294e-12	0.96778274	0.002258751	-0.0050870995
8.020370335355786e-12	0.9675865	0.002922604	-0.005796999
9.026090670325511e-12	0.967363	0.0036772708	-0.006510119
1.0004693298754199e-11	0.967121	0.0044923406	-0.0072004693
1.1011527857302561e-11	0.9668468	0.00541323	-0.007906957
1.2015913529415063e-11	0.9665477	0.0064141764	-0.008607788
1.3014924805409422e-11	0.966225	0.0074903895	-0.009300858
1.4007614778691357e-11	0.9658794	0.008638501	-0.009985477
1.5027503053234848e-11	0.9654989	0.009898776	-0.010684533
1.6027453906083754e-11	0.96510077	0.011212809	-0.011365576
1.7004243652520463e-11	0.96468806	0.012570367	-0.012026612
1.8004235867505423e-11	0.9642414	0.01403488	-0.012698953
1.9026055853213772e-11	0.9637598	0.01560835	-0.013381319
2.001961762766018e-11	0.9632672	0.017211858	-0.014040286
2.1018839407209022e-11	0.962748	0.01889657	-0.014698496
2.2014988824567708e-11	0.9622064	0.020646978	-0.015350199
2.3012182280470737e-11	0.96164083	0.02246901	-0.015998129
2.4013318318291628e-11	0.9610495	0.024367373	-0.016644176
2.5008974243483358e-11	0.96043825	0.026322914	-0.017282318
2.600042751870694e-11	0.9598073	0.028336044	-0.017913498
2.7019392733761537e-11	0.9591359	0.03047235	-0.018557828
2.8015122962207297e-11	0.95845795	0.032624755	-0.019183282
2.9012425629398083e-11	0.9577578	0.034843702	-0.019805681
3.000438745037299e-11	0.9570407	0.03711241	-0.020420855
3.1023780541494644e-11	0.9562831	0.039506834	-0.021049138
3.2016092107327113e-11	0.95552576	0.041897926	-0.02165709
3.300862426738584e-11	0.95474964	0.04434802	-0.022261757
3.400088531969309e-11	0.9539553	0.0468549	-0.022863034
3.5021168097413876e-11	0.95312005	0.049491435	-0.023478143
3.6015200035133014e-11	0.9522892	0.05211656	-0.02407459
3.70107039879438e-11	0.9514407	0.054800432	-0.024669355
3.800684973885118e-11	0.9505761	0.057540104	-0.025262201
3.900119526332962e-11	0.9496986	0.06032791	-0.025851957
4.0022922779592215e-11	0.9487826	0.06324692	-0.026456177
4.1017555641205384e-11	0.9478779	0.066140816	-0.027042972
4.2012850660077265e-11	0.9469607	0.0690876	-0.02762914
4.300872603334324e-11	0.94603187	0.072086565	-0.028215023
4.4004532272347345e-11	0.9450929	0.075135306	-0.02880065
4.502622065399991e-11	0.9441199	0.07831476	-0.02940175
4.601915459702517e-11	0.94316566	0.08145434	-0.029986652
4.701170953210331e-11	0.9422041	0.08464131	-0.030572526
4.800397406753374e-11	0.9412361	0.087875694	-0.031159936
4.9023715189609333e-11	0.940235	0.09124983	-0.03176594
5.001601657523792e-11	0.9392557	0.09458197	-0.032358475
5.100872805605825e-11	0.9382715	0.09796366	-0.03295462
5.2001459882008797e-11	0.9372835	0.1013937	-0.033554755
5.3022240770446507e-11	0.9362644	0.104971156	-0.03417666
5.401625107012388e-11	0.93526924	0.108504266	-0.03478762
5.5010819971177584e-11	0.9342712	0.11208858	-0.035404928
5.600577017559142e-11	0.93327105	0.11572392	-0.036029197
5.700089292064078e-11	0.9322689	0.119410105	-0.03666106
5.802323153074194e-11	0.93123794	0.12324999	-0.03731879
5.901800992587399e-11	0.9302332	0.12703857	-0.037967972
6.001314844995715e-11	0.9292266	0.13088082	-0.038627245
6.100855278533773e-11	0.928218	0.13477732	-0.0392974
6.200416385601222e-11	0.92720735	0.13872892	-0.039979238
6.302734513809848e-11	0.9261663	0.14284766	-0.04069289
6.402267413036228e-11	0.92515063	0.14691171	-0.041400578
6.501836149298856e-11	0.9241311	0.15103522	-0.042122707
6.60143610675466e-11	0.9231071	0.1552195	-0.04286013
6.700895048170396e-11	0.9220791	0.15945882	-0.043612473
6.800231789497e-11	0.9210459	0.16375539	-0.0443807
6.902327083144227e-11	0.9199759	0.16823816	-0.045188714
7.001695214958158e-11	0.918925	0.17266825	-0.045994043
7.1010898975516e-11	0.917863	0.17716762	-0.046819143
7.200499266913448e-11	0.91678804	0.18173788	-0.04766482
7.302677578904132e-11	0.91566765	0.18651089	-0.048556324
7.402076135825015e-11	0.9145607	0.19122979	-0.04944612
7.501450041113815e-11	0.91343486	0.19602457	-0.05035878
7.600771479804158e-11	0.9122877	0.20089626	-0.051294867
7.70002440132358e-11	0.9111171	0.20584655	-0.052254997
7.801970637790702e-11	0.90988624	0.2110192	-0.053267706
7.901132076966417e-11	0.9086582	0.21613896	-0.05427933
8.000290684670296e-11	0.90739655	0.22134852	-0.05531789
8.102242417419083e-11	0.9060606	0.2268016	-0.056414567
8.201431976619879e-11	0.9047192	0.23220398	-0.057510313
8.30055267123802e-11	0.903334	0.23770113	-0.0586343
8.402436030175813e-11	0.9018593	0.24345717	-0.05982045
8.501582658244389e-11	0.9003704	0.24916442	-0.06100531
8.600742233106365e-11	0.89882344	0.2549797	-0.06222095
8.7026720466305e-11	0.8971685	0.2610724	-0.06350291
8.801852737373843e-11	0.8954898	0.26711556	-0.06478215
8.901054187158189e-11	0.8937385	0.27327615	-0.066093326
9.000266326635179e-11	0.89190924	0.27955648	-0.06743654
9.102262509381089e-11	0.88994205	0.28614002	-0.068850845
9.201534827939807e-11	0.8879371	0.2926742	-0.070259914
9.300810543700967e-11	0.88583714	0.29933596	-0.0717011
9.400122765367359e-11	0.88363534	0.30613005	-0.07317475
9.502195312811311e-11	0.8812607	0.31325084	-0.074722394
9.601531623206629e-11	0.8788341	0.32031733	-0.07626031
9.700872343265872e-11	0.8762872	0.32752085	-0.07782916
9.80021717629497e-11	0.87361324	0.33486336	-0.079428345
9.902314229652021e-11	0.87072563	0.3425557	-0.081102625
1.0001637988767283e-10	0.86777365	0.350183	-0.08276053
1.0100943396967692e-10	0.86467445	0.35795218	-0.084445864
1.020022426195076e-10	0.8614209	0.36586368	-0.08615744
1.0302236899211962e-10	0.85790896	0.3741439	-0.087942615
1.0401471201589334e-10	0.8543208	0.38234597	-0.089703634
1.0500679075118307e-10	0.8505569	0.39069128	-0.0914868
1.0602624191144579e-10	0.8464974	0.39941823	-0.09334107
1.0701816593603403e-10	0.84235346	0.40805623	-0.0951648
1.0801010400598426e-10	0.83801085	0.41683823	-0.09700596
1.0900205674528182e-10	0.8334624	0.42576292	-0.09886255
1.1002170170083881e-10	0.8285649	0.43508378	-0.10078476
1.1101389742779157e-10	0.8235762	0.44429475	-0.10266635
1.1200619086065703e-10	0.81835985	0.45364335	-0.10455671
1.1302633020848623e-10	0.81275374	0.46339396	-0.10650649
1.140189666635738e-10	0.807055	0.47301432	-0.108407296
1.1501167340870641e-10	0.8011094	0.48276252	-0.1103092
1.1600470020430946e-10	0.79490924	0.49263698	-0.11221002
1.170254866196966e-10	0.7882668	0.50291127	-0.114159465
1.1801892630560938e-10	0.781535	0.5130256	-0.11604965
1.190124741568669e-10	0.774534	0.5232495	-0.117930524
1.20006300861466e-10	0.76725787	0.5335789	-0.11980001
1.2100017992937196e-10	0.7597038	0.5440056	-0.12165535
1.22021805578469e-10	0.7516457	0.5548172	-0.1235455
1.2301596377920402e-10	0.743515	0.5654224	-0.12536643
1.2401013560368153e-10	0.7350955	0.5761035	-0.12716776
1.2500423643634708e-10	0.72638476	0.58685213	-0.12894818
1.2602566299474145e-10	0.71712726	0.5979585	-0.13075522
1.270190810121222e-10	0.70782197	0.6088124	-0.13249075
1.2801209138424267e-10	0.69821966	0.61970407	-0.13420434
1.2900465526219221e-10	0.6883181	0.6306234	-0.13589682
1.3002447205929523e-10	0.67782485	0.6418663	-0.13761613
1.3101669396083778e-10	0.66730034	0.6528172	-0.139272
1.3200877502254555e-10	0.6564621	0.6637676	-0.14091367
1.330008349291896e-10	0.6453038	0.67470694	-0.1425446
1.340204762983894e-10	0.6334953	0.6859262	-0.14421375
1.3501277104222412e-10	0.62166595	0.69680744	-0.14583564
1.3600488985516736e-10	0.60949814	0.7076361	-0.1474595
1.370247465425425e-10	0.59662616	0.71869886	-0.14913644
1.3801714602975394e-10	0.5837369	0.7293803	-0.150781
1.390095749127244e-10	0.5704777	0.7399626	-0.15244342
1.4000207505991822e-10	0.55683684	0.75042737	-0.15412878
1.4102229633807722e-10	0.5424055	0.7610402	-0.15588987
1.4201501337146712e-10	0.52795196	0.77120465	-0.15763547
1.430078038904782e-10	0.51307887	0.78118676	-0.15941599
1.4400073860902819e-10	0.49777243	0.79096276	-0.16123378
1.4502132906212245e-10	0.4815776	0.80076766	-0.16314182
1.4601458978470228e-10	0.46535513	0.81004494	-0.16503692
1.4700801515056477e-10	0.4486651	0.81903344	-0.16696814
1.4800153540656058e-10	0.43150085	0.8277027	-0.16893192
1.4902276379312966e-10	0.41335982	0.8362478	-0.17097902
1.5001669518326044e-10	0.3952166	0.84417653	-0.1729925
1.5101079552549477e-10	0.37659124	0.85169196	-0.17501913
1.5200507242404975e-10	0.3574885	0.8587634	-0.17704965
1.5302711712401459e-10	0.3373682	0.8655361	-0.17912972
1.5402173346289806e-10	0.3173308	0.87161475	-0.1811355
1.5501647763012246e-10	0.2968585	0.87716174	-0.18311162
1.560113743152471e-10	0.27597305	0.88215244	-0.18504618
1.5700637226711638e-10	0.25470224	0.88656497	-0.1869272
1.580014081015618e-10	0.2330777	0.8903806	-0.18874323
1.5902422430986588e-10	0.21051721	0.8936651	-0.19053082
1.6001940758363251e-10	0.1882803	0.8962294	-0.19218302
1.610147173481233e-10	0.16579773	0.8981645	-0.19374058
1.6201014901189966e-10	0.14310992	0.89946735	-0.19519581
1.6300563753110385e-10	0.12025972	0.9001391	-0.19654205
1.6400121697655755e-10	0.09728819	0.90018463	-0.19777413
1.6502447455453444e-10	0.07359762	0.89958787	-0.19891691
1.660202426020191e-10	0.050507367	0.8983933	-0.1999057
1.6701606436654344e-10	0.027420755	0.8966079	-0.20077081
1.6801200168825047e-10	0.0043751807	0.89424896	-0.20151109
1.6900802168501604e-10	-0.018591331	0.89133584	-0.20212603
1.700041767505696e-10	-0.041444458	0.88788927	-0.20261577
1.7100052630176302e-10	-0.06415186	0.8839312	-0.20298104
1.7202452596314022e-10	-0.08729958	0.87935567	-0.20322782
1.7301802073972196e-10	-0.10954353	0.8744489	-0.20334408
1.7400996405327351e-10	-0.1315146	0.8691145	-0.20334089
1.7500176726778557e-10	-0.15321912	0.8633699	-0.20322043
1.7602117034197884e-10	-0.17522828	0.8570617	-0.20297664
1.7701311542147265e-10	-0.19633096	0.8505542	-0.20262496
1.7800508551201473e-10	-0.21710457	0.84370506	-0.20216265
1.790246647236439e-10	-0.23809351	0.83633184	-0.20157485
1.8001652720070895e-10	-0.2581419	0.828856	-0.200896
1.8100740691295662e-10	-0.27779096	0.8211088	-0.20011503
1.8202558718120605e-10	-0.29757217	0.8128775	-0.19920823
1.830163077304968e-10	-0.31640962	0.8046229	-0.19822708
1.8400695792764817e-10	-0.33483082	0.79614353	-0.19715115
1.8502530128030812e-10	-0.35332525	0.78720903	-0.19594885
1.8601608496921162e-10	-0.37088203	0.77831894	-0.19468777
1.8700690745311167e-10	-0.38800243	0.76924825	-0.1933387
1.8802549590679609e-10	-0.40514264	0.7597493	-0.19186212
1.890165468170412e-10	-0.4213689	0.750351	-0.19033971
1.9000768484944424e-10	-0.43715093	0.7408107	-0.18873379
1.9102652908306547e-10	-0.45290965	0.7308694	-0.18699677
1.9201788217104963e-10	-0.46779266	0.7210785	-0.18522306
1.930093420110001e-10	-0.4822358	0.7111831	-0.18336658
1.9400087024813684e-10	-0.49624264	0.7011966	-0.18142681
1.9502007282149822e-10	-0.51019067	0.6908516	-0.17934528
1.9601178359429022e-10	-0.5233319	0.68072283	-0.17723346
1.9700358656306115e-10	-0.5360584	0.67054665	-0.17503482
1.980231811104516e-10	-0.5487185	0.66005397	-0.17268293
1.9901519221225332e-10	-0.5606362	0.6498323	-0.17030415
2.0000718154764507e-10	-0.5721726	0.63961625	-0.16783533
2.0102693309363135e-10	-0.58365	0.62913954	-0.16520293
2.020190943405559e-10	-0.5944616	0.61899036	-0.16254999
2.030114395233338e-10	-0.6049421	0.60890174	-0.15980686
2.0400386876468283e-10	-0.6151084	0.5988931	-0.15697545
2.0502399183708415e-10	-0.62524956	0.5887078	-0.15397593
2.0601655081958339e-10	-0.6348358	0.5789138	-0.15097421
2.07009285319782e-10	-0.6441651	0.56924653	-0.14789402
2.0800215089598228e-10	-0.65325487	0.55971795	-0.14474025
2.0902289105105965e-10	-0.6623659	0.5500774	-0.14142707
2.1001612834031387e-10	-0.67101836	0.5408544	-0.13813975
2.1100954704412453e-10	-0.6794737	0.53178936	-0.13479471
2.1200336661880382e-10	-0.6877419	0.5228824	-0.13139647
2.130248967894506e-10	-0.69604695	0.51389617	-0.12785469
2.140191795223078e-10	-0.70394254	0.5053137	-0.12436492
2.1501359550867865e-10	-0.7116505	0.49689186	-0.120837785
2.1600829399957963e-10	-0.7191647	0.48862985	-0.11727798
2.1700330139818372e-10	-0.7264751	0.48052943	-0.11369151
2.1802620678849233e-10	-0.73376167	0.472377	-0.109985605
2.19021723539658e-10	-0.74061555	0.46461904	-0.10637004
2.20017501735833e-10	-0.74722147	0.45704046	-0.102756456
2.2101317997296075e-10	-0.75356233	0.44965303	-0.09916045
2.2200899620067312e-10	-0.7596266	0.44246405	-0.09559816
2.2300270547428674e-10	-0.76539105	0.4354979	-0.0920971
2.2402307026015416e-10	-0.77100396	0.42856774	-0.08858073
2.250156435565498e-10	-0.77616227	0.42204684	-0.08526014
2.2600811253469348e-10	-0.7810217	0.41574344	-0.082062185
2.270006453235693e-10	-0.7855845	0.409651	-0.07900907
2.280206480848637e-10	-0.78996706	0.40359867	-0.07604451
2.2901300625579967e-10	-0.7939364	0.39789653	-0.07334691
2.300053153498059e-10	-0.79761684	0.39235646	-0.07084759
2.3102518846189198e-10	-0.80109894	0.38680384	-0.06849536
2.32017642764896e-10	-0.80419195	0.38150838	-0.06642212
2.33010154906192e-10	-0.8069872	0.37628788	-0.06456218
2.3400281212596044e-10	-0.80947596	0.3711107	-0.06291217
2.350231499070255e-10	-0.81170166	0.36580345	-0.061428595
2.360161650353083e-10	-0.81353086	0.36062342	-0.060182866
2.3700935601461365e-10	-0.81501484	0.35540298	-0.05912264
2.380028620748934e-10	-0.8161416	0.35012034	-0.05823793
2.3902441119357573e-10	-0.8169184	0.3446081	-0.05750165
2.400185840918196e-10	-0.817298	0.33915275	-0.05694528
2.4101296932682555e-10	-0.81730807	0.33359864	-0.05653983
2.4200572343219393e-10	-0.81695664	0.32795224	-0.056280427
2.430238719959562e-10	-0.8162371	0.32205546	-0.056161415
2.4401420448931093e-10	-0.81521016	0.31621888	-0.056186136
2.4500452321256447e-10	-0.8138896	0.3102872	-0.056348067
2.46022561923221e-10	-0.8122624	0.3040967	-0.056656744
2.470131551683229e-10	-0.8104572	0.29799062	-0.057094734
2.480038505910814e-10	-0.8084767	0.29181173	-0.057667434
2.4902233888653943e-10	-0.8063066	0.28539535	-0.058394648
2.500134142646995e-10	-0.80411243	0.27910134	-0.05923423
2.510047328697121e-10	-0.8018832	0.2727695	-0.060200445
2.5202382934367036e-10	-0.7996029	0.2662375	-0.061320778
2.5301555147051935e-10	-0.7974381	0.25987422	-0.06252937
2.5400753909029513e-10	-0.7953653	0.25351772	-0.0638496
2.5502729111371466e-10	-0.79336804	0.24700718	-0.065317124
2.5601967403911977e-10	-0.79158616	0.24070728	-0.06684742
2.570122450764512e-10	-0.7899916	0.23445107	-0.068474025
2.580050797442497e-10	-0.78860897	0.22824323	-0.07019277
2.590257722419907e-10	-0.7874322	0.22191334	-0.07205089
2.6001902605921216e-10	-0.7865454	0.21579814	-0.07394314
2.6101248769165173e-10	-0.7859309	0.20971312	-0.075913355
2.620062132448886e-10	-0.7856045	0.20363912	-0.07795507
2.6300002917516403e-10	-0.7855792	0.1975527	-0.080059476
2.640216640125838e-10	-0.78587717	0.19125268	-0.08227689
2.650157163036593e-10	-0.78648746	0.18504715	-0.08447416
2.660097901596426e-10	-0.7874137	0.17873208	-0.08669607
2.6700384916031407e-10	-0.7886491	0.17227295	-0.088926926
2.6802548869046253e-10	-0.7902268	0.16544953	-0.09121218
2.6901938504028537e-10	-0.79203975	0.15860026	-0.09341239
2.7001319508517856e-10	-0.79409873	0.15151672	-0.09557589
2.710070635384046e-10	-0.79637015	0.14417605	-0.09769182
2.7200091477283215e-10	-0.79881525	0.13656181	-0.09975214
2.730225230611351e-10	-0.8014661	0.12843692	-0.10180759
2.740167083462033e-10	-0.8041366	0.12023258	-0.103746615
2.750109839963015e-10	-0.80685556	0.11173091	-0.10562846
2.760053983840227e-10	-0.8095859	0.10293227	-0.10745931
2.7702753108423416e-10	-0.8123697	0.09358423	-0.109296724
2.7802214164901134e-10	-0.81502986	0.0841984	-0.11105185
2.7901684494696805e-10	-0.81762254	0.07453364	-0.112785816
2.800116701113918e-10	-0.8201356	0.06459704	-0.11450951
2.810064965609869e-10	-0.82256347	0.054395877	-0.116232395
2.8200136700280577e-10	-0.82490695	0.04393343	-0.11796192
2.8302350579862843e-10	-0.8272333	0.032913137	-0.11974997
2.840157799278034e-10	-0.82942325	0.021949168	-0.12149615
2.8500710457749507e-10	-0.8315564	0.010728609	-0.12324536
2.8602540900092735e-10	-0.8337041	-0.0010832069	-0.12503555
2.870161839222496e-10	-0.83576375	-0.01286187	-0.12675434
2.8800706578675167e-10	-0.8378024	-0.024930792	-0.12842962
2.8902560889495884e-10	-0.83988	-0.037641726	-0.13008083
2.9001670487922155e-10	-0.8418819	-0.05030647	-0.1315925
2.9100809038755297e-10	-0.84385574	-0.06326162	-0.13298556
2.920272704144449e-10	-0.8458378	-0.076867335	-0.13427003
2.930190884661523e-10	-0.8476969	-0.09037108	-0.13535799
2.9401114074032325e-10	-0.8494579	-0.1041175	-0.13627413
2.9500348651283913e-10	-0.8510865	-0.11808439	-0.13701294
2.960235472094344e-10	-0.8525826	-0.13264063	-0.13758847
2.970162977933635e-10	-0.85382473	-0.1469748	-0.13797697
2.98009162276792e-10	-0.8548163	-0.16145006	-0.13820848
2.990019352098723e-10	-0.8555188	-0.17603828	-0.13829856
3.0002226997009933e-10	-0.85590255	-0.19112478	-0.13826236
3.010150006138773e-10	-0.85591435	-0.2058693	-0.13812049
3.0200762891525226e-10	-0.8555424	-0.22065346	-0.13789128
3.0300022971135344e-10	-0.85476565	-0.23545454	-0.137591
3.0402036627886856e-10	-0.853529	-0.25065917	-0.13722332
3.0501299440186256e-10	-0.85188967	-0.2654225	-0.13682044
3.0600576090083075e-10	-0.8498163	-0.2801333	-0.1363828
3.070260753029585e-10	-0.8472356	-0.29517162	-0.13590476
3.0801889470483924e-10	-0.84429395	-0.3097043	-0.13541764
3.0901180840468727e-10	-0.8409393	-0.32411966	-0.13491234
3.100046903858781e-10	-0.83718777	-0.33839855	-0.1343909
3.110252809092213e-10	-0.8329384	-0.3529188	-0.13383871
3.12018580001337e-10	-0.8284428	-0.3668855	-0.13328515
3.1301205844073426e-10	-0.823616	-0.38068265	-0.13271442
3.140054009137655e-10	-0.81848514	-0.39429948	-0.13212508
3.1502646607624223e-10	-0.8129209	-0.4081064	-0.13149762
3.160199634005096e-10	-0.80725086	-0.42135382	-0.13086346
3.170136863870977e-10	-0.80135155	-0.43441963	-0.1302028
3.1800743104492903e-10	-0.79524714	-0.44730163	-0.12951237
3.1900136600015686e-10	-0.7889577	-0.46000224	-0.12878829
3.200230128617081e-10	-0.782322	-0.47286522	-0.12800494
3.2101702534417256e-10	-0.7757177	-0.48519254	-0.12720078
3.220109260324188e-10	-0.7689847	-0.49733102	-0.12635186
3.230048442331606e-10	-0.7621375	-0.5092787	-0.12545529
3.2402642942351817e-10	-0.7549958	-0.5213555	-0.12448209
3.2502026786569126e-10	-0.7479605	-0.5329019	-0.123483844
3.2601413447553576e-10	-0.7408512	-0.54424465	-0.12243418
3.270077579431723e-10	-0.7336817	-0.5553775	-0.12133295
3.280011264884131e-10	-0.7264625	-0.5662985	-0.120179586
3.290218865876503e-10	-0.71900094	-0.57730186	-0.118938595
3.300148661535389e-10	-0.7117087	-0.58779323	-0.117675304
3.3100757821153786e-10	-0.70439243	-0.5980731	-0.11635473
3.320001943908104e-10	-0.69705606	-0.6081445	-0.114974126
3.33020385434362e-10	-0.6894981	-0.61828005	-0.11348992
3.3401308132166555e-10	-0.6821281	-0.6279329	-0.11198037
3.3500576284825173e-10	-0.6747425	-0.637378	-0.110405564
3.360260512112916e-10	-0.667134	-0.6468674	-0.108719505
3.370188855529793e-10	-0.65971065	-0.6558863	-0.10701529
3.3801168560321284e-10	-0.6522654	-0.6646893	-0.105252214
3.39004477507267e-10	-0.64479554	-0.67327315	-0.10343562
3.40024908693938e-10	-0.63708997	-0.6818641	-0.10152001
3.4101792781528945e-10	-0.6295637	-0.6899959	-0.099617355
3.420108096022227e-10	-0.6220122	-0.6978997	-0.097686924
3.430039644553608e-10	-0.61443466	-0.70557904	-0.09573888
3.4402476588480113e-10	-0.6066258	-0.7132381	-0.09373139
3.4501804914489844e-10	-0.59901273	-0.7204675	-0.091785796
3.4601126000463723e-10	-0.59139144	-0.72748303	-0.08986084
3.4700454737659585e-10	-0.58376634	-0.73429435	-0.08796857
3.4802527473674e-10	-0.57593197	-0.74109125	-0.0860699
3.4901820715400227e-10	-0.56831574	-0.7475178	-0.08427702
3.500110897954352e-10	-0.560707	-0.75377357	-0.0825443
3.510034899186778e-10	-0.5531102	-0.75986767	-0.08087587
3.5202274286989036e-10	-0.5453176	-0.76597404	-0.07922821
3.530144769659084e-10	-0.5377465	-0.77177775	-0.07768516
3.5400630542966856e-10	-0.5301889	-0.77745605	-0.07619362
3.5502584300876695e-10	-0.5224411	-0.7831704	-0.0747027
3.560178498187976e-10	-0.51493156	-0.78861827	-0.07327899
3.570097545931426e-10	-0.507464	-0.7939608	-0.071865804
3.5800180152511256e-10	-0.50005233	-0.7992035	-0.07044518
3.590215521423394e-10	-0.49251333	-0.8044907	-0.06895808
3.6001388724596956e-10	-0.48527676	-0.80953807	-0.067466065
3.610062076608339e-10	-0.47816253	-0.8144889	-0.065911725
3.6202614629104337e-10	-0.47100347	-0.81947565	-0.06423122
3.630185482646535e-10	-0.46421176	-0.8242262	-0.06249904
3.640109086321059e-10	-0.45761597	-0.8288729	-0.060656164
3.650033049472865e-10	-0.45123777	-0.8334117	-0.05868852
3.660231968671059e-10	-0.44493166	-0.8379584	-0.056522764
3.670154117353026e-10	-0.43905795	-0.842261	-0.054263685
3.6800762671950813e-10	-0.43345943	-0.84643734	-0.051843315
3.6902744842340733e-10	-0.4280081	-0.8505899	-0.049176883
3.7001955393690123e-10	-0.42301416	-0.8544836	-0.04640008
3.7101159759004045e-10	-0.41833818	-0.8582221	-0.04343596
3.7200371973375505e-10	-0.4139909	-0.8617929	-0.04027897
3.7302343013587356e-10	-0.40987623	-0.8652732	-0.03683043
3.740154163594115e-10	-0.40622607	-0.8684578	-0.033276975
3.750073057745186e-10	-0.40293133	-0.8714268	-0.029529955
3.760268002441636e-10	-0.3999211	-0.87423515	-0.02548099
3.7701872823511285e-10	-0.39736316	-0.87671214	-0.021355446
3.7801051810023787e-10	-0.3951752	-0.8789178	-0.017054709
3.790024276330958e-10	-0.39336002	-0.8808346	-0.012586467
3.8002190300753274e-10	-0.3918867	-0.8824847	-0.0078301765
3.810138205928281e-10	-0.39083904	-0.883762	-0.0030536177
3.820058496063928e-10	-0.39017698	-0.88470054	0.0018591576
3.8302548217470275e-10	-0.38990533	-0.88529813	0.007037591
3.840176167192586e-10	-0.39004722	-0.88551146	0.012188787
3.8500986828247597e-10	-0.39059994	-0.8853532	0.017437486
3.860021613692463e-10	-0.3915751	-0.884817	0.022768227
3.8702226018666174e-10	-0.39303115	-0.88386774	0.028316472
3.880148161319772e-10	-0.39490288	-0.8825544	0.033763293
3.8900756610453277e-10	-0.39723745	-0.88085556	0.03924021
3.900004071479915e-10	-0.40004787	-0.8787708	0.044727296
3.9102088159609447e-10	-0.40344483	-0.8762262	0.05035618
3.920138946834108e-10	-0.40725613	-0.8733586	0.055802137
3.930069798990332e-10	-0.41157588	-0.8701045	0.061196826
3.940001847387978e-10	-0.4164118	-0.86646295	0.066520184
3.9502098155502693e-10	-0.42192486	-0.86231685	0.07189557
3.96014257141098e-10	-0.42782068	-0.8578898	0.07701331
3.970075796724701e-10	-0.4342416	-0.8530757	0.08200219
3.980009446141554e-10	-0.44118604	-0.8478762	0.08684614
3.990219724229173e-10	-0.44886467	-0.8421326	0.09165909
4.000153415525157e-10	-0.4568547	-0.8361592	0.09616857
4.0100873958996193e-10	-0.4653479	-0.82980883	0.10049876
4.020021863808652e-10	-0.47433245	-0.8230848	0.104643986
4.0302319340091883e-10	-0.48406237	-0.8157881	0.10870834
4.0401655311009e-10	-0.49399313	-0.808316	0.11247213
4.0501002889369666e-10	-0.5043616	-0.8004767	0.11605132
4.060034837007428e-10	-0.5151416	-0.79227173	0.11945088
4.070246601911416e-10	-0.52662164	-0.7834561	0.12276668
4.0801825901583814e-10	-0.53814757	-0.77450514	0.12582976
4.0901175516590196e-10	-0.5499884	-0.7651844	0.12874433
4.100052565081752e-10	-0.56210864	-0.755489	0.13152513
4.110264561976118e-10	-0.5748186	-0.7451282	0.13426045
4.1202006675647576e-10	-0.5873918	-0.73465794	0.13681886
4.13013818481355e-10	-0.6001341	-0.72379625	0.13929242
4.14007589416523e-10	-0.6130097	-0.71253914	0.14169626
4.150012984987212e-10	-0.6259861	-0.7008822	0.14404424
4.160225249809028e-10	-0.63939714	-0.68848014	0.14641182
4.170158937891984e-10	-0.6524887	-0.67600095	0.14868046
4.180091186038782e-10	-0.66559976	-0.66311014	0.15092184
4.190022135219943e-10	-0.67870784	-0.64980376	0.15313984
4.200228181407519e-10	-0.69215477	-0.6356907	0.1553963
4.2101573104510467e-10	-0.7051911	-0.6215309	0.15756722
4.220084674683793e-10	-0.71815723	-0.60694695	0.1597092
4.23000989417942e-10	-0.73102903	-0.5919372	0.16181548
4.240209496417944e-10	-0.7441347	-0.576064	0.16393438
4.250133499822226e-10	-0.75674	-0.56018233	0.16594191
4.260058549420276e-10	-0.7691727	-0.5438685	0.16788615
4.2702601271631026e-10	-0.78173846	-0.52665377	0.16980802
4.2801845014644086e-10	-0.79372215	-0.5094769	0.17159353
4.2901082045300167e-10	-0.80543447	-0.4918828	0.17328747
4.300030715536411e-10	-0.8168415	-0.4738802	0.1748822
4.3102282887532974e-10	-0.82821333	-0.4549602	0.176411
4.3201511425753884e-10	-0.83890384	-0.43615374	0.17778537
4.3300718188353703e-10	-0.84919107	-0.416973	0.1790421
4.340267510113196e-10	-0.8593149	-0.39688066	0.1802056
4.3501876984984094e-10	-0.8687008	-0.37697712	0.1812071
4.36010792435611e-10	-0.877604	-0.35674146	0.18207349
4.3700295414744663e-10	-0.8860032	-0.3361898	0.18279797
4.3802262344293296e-10	-0.8940891	-0.31476447	0.18338668
4.3901473985427537e-10	-0.90140915	-0.2936468	0.18379971
4.4000694971584125e-10	-0.9081781	-0.27228642	0.18404701
4.4102687952519547e-10	-0.9145525	-0.2501093	0.18412
4.4201928944849323e-10	-0.9201826	-0.2283497	0.18400706
4.430118186997191e-10	-0.9252477	-0.20644465	0.18370605
4.4400442321076256e-10	-0.9297488	-0.1844331	0.18321167
4.450247683974547e-10	-0.9337916	-0.16173963	0.18249823
4.460174559333812e-10	-0.9371623	-0.13964011	0.18160272
4.4701011861590743e-10	-0.9399853	-0.11756554	0.18050903
4.480029516285734e-10	-0.9422697	-0.0955582	0.17921959
4.4902352097812896e-10	-0.9440672	-0.07306061	0.17769554
4.500165705889694e-10	-0.9452935	-0.05134113	0.1760271
4.5100954794037754e-10	-0.94601977	-0.029842092	0.17418611
4.520024948625093e-10	-0.94626474	-0.008611282	0.17218539
4.5302298713338525e-10	-0.9460377	0.012880225	0.16997893
4.5401594306035843e-10	-0.9453761	0.033427205	0.16770403
4.5500888208808055e-10	-0.9443066	0.05357369	0.16532281
4.5600175592974557e-10	-0.9428579	0.073283635	0.16285619
4.570222719503473e-10	-0.9410042	0.0930579	0.16025375
4.5801526284327807e-10	-0.9388758	0.11180361	0.15767682
4.590083456634285e-10	-0.9364557	0.13004513	0.15507407
4.600015331592608e-10	-0.9337718	0.14777084	0.15246117
4.610224139623423e-10	-0.9307661	0.16544378	0.14977819
4.6201583584004175e-10	-0.92762625	0.18210585	0.14717904
4.630094104640322e-10	-0.9242971	0.19824176	0.1445964
4.6400310832120846e-10	-0.92079985	0.21385236	0.14203218
4.6502388159546874e-10	-0.9170525	0.22934216	0.1394167
4.660158211624979e-10	-0.9132779	0.24386758	0.13688986
4.670075565742468e-10	-0.90938675	0.25787446	0.13437319
4.680269829774603e-10	-0.90527666	0.27173913	0.13178977
4.690188907020843e-10	-0.9011784	0.2847143	0.12927236
4.700109027247564e-10	-0.89698744	0.29718652	0.12674306
4.710030689857696e-10	-0.8927063	0.30916002	0.12419334
4.72022886970144e-10	-0.8882135	0.3209496	0.12154211
4.730147016701122e-10	-0.88375443	0.33191618	0.11892418
4.740059489810482e-10	-0.8792095	0.3423888	0.11625861
4.750246855199305e-10	-0.874448	0.35264808	0.11345703
4.760159591263549e-10	-0.8697308	0.36214507	0.11066016
4.770071684672764e-10	-0.86493844	0.37116688	0.10778393
4.780260475792524e-10	-0.85994565	0.37995124	0.10473558
4.790173921922939e-10	-0.8550392	0.3880276	0.101673104
4.800089354119545e-10	-0.8501035	0.39564762	0.09850976
4.810005235705859e-10	-0.8451625	0.40281674	0.095243186
4.820197171020096e-10	-0.8401057	0.4097231	0.09177801
4.830114443399151e-10	-0.83523375	0.41600162	0.08830403
4.840033003087929e-10	-0.830436	0.4218535	0.08473432
4.85022734122372e-10	-0.82561004	0.42743188	0.080975115
4.860147901257006e-10	-0.82104	0.43244502	0.07724115
4.870069249689259e-10	-0.8166148	0.4370583	0.07344729
4.88026705038499e-10	-0.8122358	0.4413936	0.0695045
4.890189406499559e-10	-0.80815315	0.44522774	0.06564714
4.900112287737163e-10	-0.8042555	0.4486957	0.06179148
4.910035827806199e-10	-0.80054784	0.45181134	0.057961076
4.920234209825557e-10	-0.7969371	0.45466226	0.05407627
4.930156877609502e-10	-0.79361576	0.4571118	0.050370466
4.940079586851945e-10	-0.7904776	0.45925972	0.04675948
4.950001605940514e-10	-0.78751385	0.46112496	0.043263
4.960199957541776e-10	-0.78463787	0.46276844	0.03980588
4.970121900664116e-10	-0.7819929	0.46412194	0.036589686
4.980045065513832e-10	-0.779487	0.4652546	0.033529278
4.990243698501922e-10	-0.7770457	0.4662111	0.030554932
5.000166593802155e-10	-0.77479357	0.46696272	0.027832452
5.010090441350767e-10	-0.7726598	0.46756113	0.025281005
5.020014577006888e-10	-0.7706467	0.4680303	0.022900239
5.030213280890893e-10	-0.76871264	0.46840334	0.020628283
5.040135534283236e-10	-0.76697636	0.46868503	0.018582264
5.050058074081539e-10	-0.7654034	0.46891034	0.016690677
5.060256118050262e-10	-0.7639827	0.46910655	0.014897747
5.070178552846327e-10	-0.76281977	0.46928373	0.013289439
5.080100902918902e-10	-0.76190287	0.46946514	0.011803786
5.090023728788434e-10	-0.7612616	0.4696653	0.010428794
5.100222808519972e-10	-0.76091945	0.4699027	0.009118544
5.110147357127787e-10	-0.7609194	0.47017327	0.007932364
5.12007236869077e-10	-0.7612674	0.47048885	0.0068233567
5.130273868647522e-10	-0.7620016	0.4708641	0.0057543265
5.140200908991617e-10	-0.7630881	0.47128087	0.0047748415
5.150129209475001e-10	-0.76453936	0.47174978	0.0038481324
5.160058374337942e-10	-0.7663442	0.47227108	0.0029679595
5.170263993273349e-10	-0.7685474	0.47286123	0.002105591
5.18019458295971e-10	-0.77100176	0.47348714	0.0013014816
5.190125779683787e-10	-0.7737273	0.474162	0.000525463
5.200057850919757e-10	-0.77668315	0.47488227	-0.0002292644
5.210265971611134e-10	-0.7799122	0.47566414	-0.0009901724
5.220197982119853e-10	-0.78318954	0.47645736	-0.0017233135
5.230130016469317e-10	-0.7865496	0.47727275	-0.002455864
5.240061546409129e-10	-0.7899423	0.47809815	-0.0031929277
5.250269176300663e-10	-0.79341334	0.47894272	-0.003958519
5.260199879512902e-10	-0.79672986	0.47974586	-0.0047116536
5.270130500900943e-10	-0.7999477	0.4805163	-0.005470316
5.280061384608804e-10	-0.80303425	0.48124084	-0.0062285266
5.2902681921034e-10	-0.80604184	0.4819262	-0.0069975066
5.300199165653649e-10	-0.80878747	0.48252767	-0.0077231056
5.310131405785528e-10	-0.81134176	0.4830612	-0.008411743
5.320063835087003e-10	-0.8136968	0.48352808	-0.009047278
5.330273398063726e-10	-0.8159079	0.4839454	-0.009627961
5.340207881671702e-10	-0.8178582	0.4843022	-0.010106526
5.350144261470879e-10	-0.81961787	0.48462647	-0.010486413
5.360078336626934e-10	-0.8211963	0.48493743	-0.01075742
5.37001137003611e-10	-0.82260686	0.4852564	-0.010913723
5.380219038748252e-10	-0.8238972	0.48561576	-0.010953589
5.390147296979953e-10	-0.8250132	0.48601723	-0.010878545
5.400070239038751e-10	-0.8260077	0.48648804	-0.010699361
5.41026349076898e-10	-0.82691956	0.4870591	-0.010418967
5.420180284960693e-10	-0.8277143	0.48770928	-0.010066931
5.430096299410783e-10	-0.8284302	0.48845765	-0.009652518
5.440012532925136e-10	-0.8290771	0.48930386	-0.009191705
5.450204126749681e-10	-0.8296771	0.49027097	-0.008686091
5.460122383973507e-10	-0.83020186	0.4912989	-0.008177567
5.470041324838471e-10	-0.83066875	0.49240205	-0.007665573
5.480235429005062e-10	-0.8310858	0.49360147	-0.007147097
5.490152935971129e-10	-0.83142567	0.49481916	-0.006659099
5.500069901166127e-10	-0.8316945	0.49607414	-0.006194032
5.510263969246725e-10	-0.8318895	0.49739015	-0.005744797
5.520183185198018e-10	-0.8319939	0.49868423	-0.0053387443
5.530103259313326e-10	-0.832009	0.49998125	-0.0049647186
5.540024414388103e-10	-0.8319319	0.50127155	-0.004622815
5.550222160508289e-10	-0.8317555	0.50258124	-0.0043038903
5.560143727000744e-10	-0.83149153	0.5038308	-0.0040233806
5.57006746620452e-10	-0.83114064	0.5050477	-0.0037696566
5.580268109135201e-10	-0.8306972	0.50625557	-0.003533551
5.590191848727077e-10	-0.8301945	0.5073803	-0.0033240756
5.600117196677144e-10	-0.8296327	0.50844705	-0.0031301551
5.610041224262735e-10	-0.82902455	0.50944734	-0.0029469666
5.620242752302142e-10	-0.82836497	0.51039845	-0.00276422
5.63016878430279e-10	-0.8277032	0.5112418	-0.0025861997
5.640096471804609e-10	-0.82703424	0.51199865	-0.0024026283
5.650023892412705e-10	-0.8263703	0.51266456	-0.0022090005
5.660226966584848e-10	-0.82570374	0.51325077	-0.0019960552
5.670155673825311e-10	-0.82507974	0.5137236	-0.0017736385
5.680084598612221e-10	-0.8244873	0.5140986	-0.0015366076
5.690012535197704e-10	-0.8239322	0.514374	-0.0012873912
5.700217819392661e-10	-0.8234048	0.5145514	-0.0010229268
5.710146129678671e-10	-0.82293606	0.5146174	-0.0007633356
5.720075080206947e-10	-0.8225113	0.5145738	-0.00050797535
5.73000503560074e-10	-0.8221289	0.5144145	-0.00026349886
5.740211640086127e-10	-0.82177615	0.51412255	-3.0166342e-05
5.750141014389776e-10	-0.82146645	0.5137061	0.00017383936
5.760072483482947e-10	-0.82118213	0.51315105	0.00035087945
5.77000444446928e-10	-0.8209143	0.5124512	0.0004977193
5.780211858984088e-10	-0.8206456	0.51157564	0.00061464973
5.790145766679228e-10	-0.820379	0.5105684	0.0006932521
5.80007966756102e-10	-0.82009536	0.50940716	0.0007347147
5.810013109811947e-10	-0.81978273	0.5080928	0.0007356386
5.820223305132555e-10	-0.81941843	0.5065845	0.0006890892
5.830156307024202e-10	-0.8190104	0.504967	0.0005904168
5.840089950214977e-10	-0.81853884	0.5032041	0.00042975074
5.850023750479607e-10	-0.8179946	0.5012982	0.00019563043
5.860233287857136e-10	-0.81735253	0.49919254	-0.00013567973
5.870166355678621e-10	-0.8166432	0.49700207	-0.0005616634
5.880100164045802e-10	-0.8158498	0.49467206	-0.0011062191
5.890029830933396e-10	-0.8149765	0.4922037	-0.0017856243
5.900229996650843e-10	-0.81400514	0.48952284	-0.0026413167
5.91015296853683e-10	-0.81300175	0.48677325	-0.0036427737
5.920076363690412e-10	-0.8119601	0.48388386	-0.004824357
5.930275149848453e-10	-0.81087565	0.48076925	-0.006237279
5.940198902875895e-10	-0.80983734	0.47759846	-0.00781203
5.950123652134549e-10	-0.80884993	0.4742914	-0.009586204
5.960048649717788e-10	-0.8079511	0.47085166	-0.011556539
5.970246963930712e-10	-0.8071613	0.4671838	-0.013776274
5.980171249629836e-10	-0.80656445	0.46349066	-0.016111631
5.990094515903633e-10	-0.8061771	0.45968226	-0.018599834
6.00001680776791e-10	-0.8060364	0.45576525	-0.021216577
6.010213956610551e-10	-0.80618346	0.4516323	-0.024010474
6.020134888413512e-10	-0.80663854	0.4475108	-0.026799
6.030055877099494e-10	-0.8074222	0.4432917	-0.029624183
6.040251959118893e-10	-0.80858386	0.43885213	-0.032531276
6.050172343551332e-10	-0.8100658	0.4344267	-0.03533005
6.060093639734651e-10	-0.8118917	0.4298886	-0.03806836
6.070014170748579e-10	-0.814051	0.42522871	-0.040716585
6.08020929644268e-10	-0.81659937	0.42030132	-0.043316457
6.090128869384329e-10	-0.81937635	0.41536215	-0.045703456
6.100048063368265e-10	-0.8224195	0.41027224	-0.047929153
6.110242938950161e-10	-0.8257935	0.4048791	-0.050031114
6.120162462395972e-10	-0.8292844	0.3994742	-0.051882524
6.130082423708765e-10	-0.8329494	0.39391887	-0.053533882
6.140002873574076e-10	-0.8367589	0.38822323	-0.054980244
6.150199015717367e-10	-0.8407959	0.38223916	-0.056251936
6.160121098729076e-10	-0.8448174	0.3763089	-0.05728282
6.170043950293072e-10	-0.84890974	0.37029517	-0.05811551
6.180243589194456e-10	-0.853171	0.36405325	-0.058773305
6.190168028972333e-10	-0.85735536	0.35794726	-0.059230916
6.200094257089703e-10	-0.8615655	0.35183382	-0.059520304
6.210021155688085e-10	-0.8657905	0.34573817	-0.059653975
6.220225540438124e-10	-0.8701383	0.33951476	-0.059642825
6.230155686510077e-10	-0.8743643	0.33352062	-0.059500977
6.240086566013413e-10	-0.8785762	0.32760453	-0.059243172
6.250019223335671e-10	-0.88276446	0.32178023	-0.058882132
6.260228910785366e-10	-0.88703346	0.3159026	-0.058416322
6.270163138282811e-10	-0.8911422	0.31029916	-0.057882667
6.280097084215168e-10	-0.89519656	0.3048172	-0.057280444
6.290032128578975e-10	-0.89918834	0.29946145	-0.056619205
6.300243440383376e-10	-0.9032171	0.29409313	-0.0558872
6.310178775913359e-10	-0.90705776	0.28900564	-0.055131625
6.320113245042982e-10	-0.9108141	0.28405446	-0.05433971
6.330044365745924e-10	-0.9144794	0.27924195	-0.053516768
6.34024532005621e-10	-0.9181453	0.27444208	-0.052643012
6.350168340697943e-10	-0.9216093	0.26991275	-0.051768336
6.360089577565861e-10	-0.9249661	0.26552212	-0.05087138
6.370011265145766e-10	-0.9282099	0.2612692	-0.049953185
6.380208644560744e-10	-0.93141854	0.25704193	-0.048988197
6.390130744655101e-10	-0.93441063	0.25306863	-0.04802916
6.400052676432115e-10	-0.9372666	0.24923341	-0.04705099
6.410250097807318e-10	-0.9400515	0.2454353	-0.04602676
6.420172229522628e-10	-0.9426071	0.2418789	-0.045013275
6.430094512516031e-10	-0.9450035	0.23845871	-0.043985147
6.44001657871754e-10	-0.9472345	0.23517321	-0.04294496
6.450213597475829e-10	-0.9493498	0.23193435	-0.041866526
6.460135480985833e-10	-0.95123225	0.22891353	-0.040811405
6.470057580841059e-10	-0.95294	0.22601743	-0.039753936
6.480255368794265e-10	-0.95451415	0.22316588	-0.038668096
6.490177521000843e-10	-0.9558732	0.22050759	-0.03761562
6.500099902219127e-10	-0.9570683	0.21795815	-0.036569715
6.510022357508835e-10	-0.9581084	0.21551168	-0.03553264
6.5202207428593e-10	-0.9590282	0.21309805	-0.034477957
6.530143995187654e-10	-0.95979196	0.21084116	-0.033464357
6.540067446262388e-10	-0.9604425	0.20866795	-0.032464635
6.550267078696877e-10	-0.9610112	0.20651396	-0.031452764
6.560190716215477e-10	-0.96148515	0.20448819	-0.0304843
6.570113735066642e-10	-0.9618989	0.20252347	-0.029531946
6.580031844842645e-10	-0.96226865	0.20061256	-0.02859571
6.590223934304419e-10	-0.96261847	0.19869535	-0.027648782
6.600140397316898e-10	-0.96294254	0.19686732	-0.026740447
6.610057101908588e-10	-0.9632598	0.1950689	-0.025842572
6.62024959908946e-10	-0.963586	0.19324476	-0.024927814
6.630166835906072e-10	-0.96390665	0.19148804	-0.02404261
6.640085176628191e-10	-0.96423125	0.18974467	-0.023159
6.650004011813435e-10	-0.9645576	0.18801124	-0.022273965
6.660198972341565e-10	-0.96489006	0.18623737	-0.021359624
6.670119342104621e-10	-0.96520466	0.18451688	-0.020462204
6.680039711462792e-10	-0.9655029	0.18280092	-0.019553987
6.690236043950647e-10	-0.9657842	0.18104148	-0.018605785
6.700157520940677e-10	-0.9660247	0.17933407	-0.017665265
6.710079264043736e-10	-0.96622396	0.17763263	-0.01670341
6.720001295575841e-10	-0.9663738	0.1759395	-0.015716461
6.730200077197447e-10	-0.9664682	0.17421183	-0.014671931
6.740124055477561e-10	-0.96649516	0.17254817	-0.013622619
6.750048463897177e-10	-0.966452	0.17090821	-0.012537513
6.760249120540139e-10	-0.9663297	0.16925563	-0.011382084
6.77017472031305e-10	-0.9661317	0.1676891	-0.010216697
6.780101114824274e-10	-0.96585405	0.16617358	-0.009009449
6.790028499174387e-10	-0.9654974	0.16471997	-0.007760016
6.800232307539809e-10	-0.9650507	0.16330236	-0.006432681
6.810160353485146e-10	-0.9645426	0.16200903	-0.0051009804
6.820088864811187e-10	-0.9639678	0.16081132	-0.0037321963
6.830017963319583e-10	-0.9633338	0.15971938	-0.002329865
6.840222939932555e-10	-0.9626293	0.15871686	-0.0008583248
6.850152337015615e-10	-0.961902	0.15786596	0.0005976409
6.860082260614117e-10	-0.9611429	0.15714431	0.0020716852
6.8700125913743e-10	-0.96036077	0.15655701	0.0035574876
6.880218528398195e-10	-0.9595419	0.15609737	0.0050896434
6.890148578224608e-10	-0.9587375	0.15579274	0.0065781306
6.900078355837579e-10	-0.95793086	0.15563026	0.008056943
6.91000858793749e-10	-0.95712495	0.15561037	0.0095186075
6.920213387688846e-10	-0.9562981	0.1557381	0.01099456
6.930142016876753e-10	-0.95549315	0.15600531	0.012397011
6.940069656610599e-10	-0.9546833	0.15641142	0.013758068
6.950272274068168e-10	-0.95383894	0.15697046	0.015105267
6.96019798122111e-10	-0.95299673	0.1576484	0.016357405
6.970122435842788e-10	-0.95212424	0.15845385	0.01754355
6.980045742507931e-10	-0.9512104	0.15938142	0.018655809
6.990243657508006e-10	-0.9502164	0.16045555	0.019713923
7.000165403339769e-10	-0.94918543	0.16161135	0.020653237
7.010086981619806e-10	-0.94808245	0.16286892	0.021496616
7.020008539789564e-10	-0.94690025	0.16422065	0.022237664
7.030205388826094e-10	-0.94559836	0.16569962	0.022886563
7.040126678176643e-10	-0.94424635	0.16721772	0.023403086
7.050048209056174e-10	-0.94281316	0.16880576	0.023802103
7.060245521969474e-10	-0.9412627	0.17050269	0.024086233
7.070167508494531e-10	-0.93969005	0.17220907	0.024237694
7.080089628789532e-10	-0.9380691	0.17396279	0.024264466
7.090011789936769e-10	-0.93641835	0.17575693	0.024166193
7.100209243445724e-10	-0.93471277	0.17763603	0.023935625
7.110131104258294e-10	-0.93306834	0.1794918	0.02358706
7.120052435724017e-10	-0.9314634	0.18136793	0.023118943
7.130249196267404e-10	-0.9298812	0.18331027	0.022517545
7.14016990980481e-10	-0.92843175	0.18520659	0.021820838
7.150089920897129e-10	-0.9270937	0.18710181	0.021020742
7.16000958658401e-10	-0.9258871	0.1889883	0.020125035
7.170204086191901e-10	-0.92480135	0.19090992	0.019114397
7.180122252274224e-10	-0.9239084	0.19275467	0.01805408
7.190040394492464e-10	-0.92318547	0.1945673	0.016929487
7.20023360212687e-10	-0.9226242	0.19638894	0.015720332
7.210151456978933e-10	-0.922255	0.19811445	0.014506464
7.220069042250946e-10	-0.9220558	0.19978775	0.013271366
7.230262056582225e-10	-0.92201936	0.2014482	0.011997302
7.240179110925044e-10	-0.9221356	0.20300254	0.010771238
7.250096303891142e-10	-0.92238575	0.20449466	0.009577075
7.260012899911678e-10	-0.922752	0.20592433	0.008433817
7.270205091735564e-10	-0.9232285	0.20733047	0.007331764
7.280121580428584e-10	-0.9237674	0.20864066	0.0063496437
7.290038262863027e-10	-0.92435807	0.20989938	0.0054744026
7.300230104318515e-10	-0.92499584	0.21114717	0.0047035827
7.310146922236416e-10	-0.925624	0.21232632	0.004093718
7.32006379352606e-10	-0.9262396	0.21348205	0.003634433
7.330256737599845e-10	-0.9268402	0.21465866	0.0033292738
7.340174473614283e-10	-0.9273776	0.2158064	0.0032014404
7.350092702545469e-10	-0.92785615	0.21697141	0.0032438766
7.36001152472016e-10	-0.92826724	0.21816833	0.0034570647
7.370206223146259e-10	-0.9286134	0.21944702	0.0038516498
7.380126128940283e-10	-0.92887414	0.22075298	0.004401392
7.390046436196936e-10	-0.9290609	0.22213368	0.005107698
7.40024257874889e-10	-0.92918026	0.22364406	0.0059877406
7.41016358684531e-10	-0.9292324	0.22521484	0.006983946
7.420085123855444e-10	-0.92922986	0.22689666	0.0081074955
7.430007355091226e-10	-0.92918193	0.22869976	0.009347326
7.440205796668101e-10	-0.9290962	0.23068906	0.010730852
7.45012913291613e-10	-0.9289873	0.23276563	0.012171637
7.460052608899724e-10	-0.92886263	0.23498876	0.013694271
7.470251649041873e-10	-0.92872655	0.23743312	0.015332614
7.480175014859094e-10	-0.92859274	0.23997213	0.016986728
7.490098441452566e-10	-0.9284618	0.242674	0.018689008
7.500022399301526e-10	-0.92833596	0.24554195	0.020428805
7.510222304726831e-10	-0.92821157	0.24866433	0.022244986
7.520145945273753e-10	-0.92809284	0.25187248	0.02402894
7.530069694889464e-10	-0.92797154	0.25524768	0.02581997
7.5402698010634e-10	-0.92783713	0.25888863	0.027658727
7.550194632469751e-10	-0.9276886	0.26259506	0.029437084
7.560118782829285e-10	-0.9275128	0.26645833	0.031196672
7.570043940044593e-10	-0.9272996	0.27047405	0.032930315
7.580244790694689e-10	-0.9270303	0.27475357	0.034677453
7.590169863691034e-10	-0.926709	0.27905875	0.03633675
7.600095707678659e-10	-0.9263192	0.2834965	0.037949614
7.610021983866112e-10	-0.92585194	0.2880588	0.039509784
7.62022468649625e-10	-0.925283	0.29286855	0.041052245
7.630151852115949e-10	-0.92463654	0.29765606	0.042487886
7.640079379649206e-10	-0.9238937	0.30253968	0.043854207
7.650008005959836e-10	-0.9230513	0.3075091	0.04514681
7.660212570110556e-10	-0.9220802	0.31269354	0.046394393
7.670142451810529e-10	-0.9210327	0.3178013	0.04752657
7.680072386685992e-10	-0.9198856	0.32295918	0.048575915
7.690002514855137e-10	-0.9186414	0.3281554	0.049541265
7.700209425560959e-10	-0.9172652	0.33352423	0.050445657
7.710141068473508e-10	-0.91583574	0.3387639	0.05124072
7.720072781492262e-10	-0.91432166	0.34400845	0.051953256
7.730004614659333e-10	-0.9127273	0.3492482	0.052585084
7.740211950400077e-10	-0.9110091	0.35461864	0.05315259
7.75014411083241e-10	-0.9092628	0.35982156	0.053627543
7.76007677008955e-10	-0.90744495	0.36499476	0.054028623
7.770008987499484e-10	-0.90555656	0.370131	0.054357946
7.780216218775182e-10	-0.9035418	0.37536487	0.05462355
7.790148024610653e-10	-0.901508	0.38040888	0.05481259
7.80007970551651e-10	-0.8993995	0.38540047	0.054934166
7.810012123666965e-10	-0.89721364	0.39033663	0.054988813
7.820220080048024e-10	-0.89488363	0.39534882	0.054975346
7.830151747044194e-10	-0.89253294	0.40016434	0.05489429
7.840083171356202e-10	-0.8900982	0.4049187	0.05474579
7.850014310293505e-10	-0.88757855	0.40961182	0.054529376
7.860221817699694e-10	-0.8849008	0.41437268	0.054235738
7.87015298454477e-10	-0.8822119	0.4189451	0.05388066
7.880083761767319e-10	-0.879444	0.423461	0.053457417
7.890014510411292e-10	-0.87660146	0.42792344	0.052966774
7.900220655600293e-10	-0.8736084	0.4324578	0.052393734
7.910151089294645e-10	-0.8706334	0.43682325	0.051771253
7.920080926570124e-10	-0.867604	0.44114703	0.0510874
7.930010854917832e-10	-0.864528	0.4454339	0.050345317
7.940216106170264e-10	-0.8613269	0.44980586	0.049525894
7.95014517042016e-10	-0.8581819	0.45403087	0.048677653
7.960074276765212e-10	-0.8550148	0.45823157	0.047783624
7.970002601447114e-10	-0.85183346	0.462411	0.04684853
7.980206378399999e-10	-0.84855545	0.46668738	0.045849547
7.990133931038469e-10	-0.84536433	0.47083145	0.04484525
8.000061789418541e-10	-0.8421759	0.47496027	0.04381311
8.010264559850419e-10	-0.8389061	0.4791872	0.042727016
8.02019145472861e-10	-0.8357344	0.48328254	0.041648272
8.030117654811034e-10	-0.8325745	0.48735756	0.040549513
8.040042168535636e-10	-0.8294283	0.49140748	0.039431397
8.050241875629079e-10	-0.82621	0.4955377	0.03826132
8.060164753128527e-10	-0.82309556	0.4995166	0.037100986
8.07008730477962e-10	-0.81999916	0.50344694	0.03591647
8.080010460933625e-10	-0.8169241	0.5073181	0.034704518
8.090208610380866e-10	-0.8137903	0.5112213	0.03342668
8.100130647684337e-10	-0.81077313	0.5149323	0.032148216
8.110052265938527e-10	-0.8077947	0.5185436	0.030831425
8.120250319706007e-10	-0.80478275	0.5221376	0.029434524
8.130174082604927e-10	-0.80191076	0.5255066	0.028030155
8.140097186752723e-10	-0.7991092	0.52873665	0.026579386
8.150021762134381e-10	-0.7963904	0.5318178	0.02508054
8.160221662888437e-10	-0.79369795	0.5348194	0.023489594
8.170146953461223e-10	-0.7911919	0.53757256	0.021892374
8.180073679935835e-10	-0.7888129	0.5401556	0.020247169
8.190001136805842e-10	-0.7865756	0.54256535	0.018555317
8.200204228157985e-10	-0.78443927	0.54485965	0.016769858
8.210132794600597e-10	-0.78253245	0.54691505	0.014989329
8.220060835644244e-10	-0.78080785	0.54879695	0.013169082
8.230265572728872e-10	-0.7792359	0.5505529	0.0112599395
8.240194200758285e-10	-0.7779115	0.5520909	0.009369061
8.25012155285918e-10	-0.77679694	0.5534639	0.0074497247
8.260049473358332e-10	-0.77589786	0.5546757	0.0055063097
8.270253612152052e-10	-0.775203	0.555757	0.0034893889
8.280181265636225e-10	-0.7747525	0.5566529	0.0015141135
8.290108059723176e-10	-0.774526	0.55739796	-0.00046756843
8.300035543662056e-10	-0.77452326	0.5579958	-0.0024494724
8.310238417075997e-10	-0.77475244	0.5584595	-0.0044794492
8.320165424596622e-10	-0.77519894	0.5587667	-0.0064410167
8.330091677894996e-10	-0.7758627	0.5589337	-0.008382554
8.340017365245817e-10	-0.77674	0.5589615	-0.010297924
8.35021827447406e-10	-0.7778593	0.55884576	-0.01223321
8.360143021590728e-10	-0.77915514	0.5585921	-0.014078459
8.370067178426003e-10	-0.7806487	0.5581981	-0.015881777
8.3802674283055e-10	-0.78238326	0.5576444	-0.017687421
8.390191939166502e-10	-0.78425753	0.5569579	-0.019394193
8.400115720801403e-10	-0.78630733	0.55612206	-0.021048628
8.410039206475212e-10	-0.78852344	0.5551326	-0.022648584
8.42023787490443e-10	-0.7909636	0.5539511	-0.024234505
8.430160534616853e-10	-0.7934842	0.5526369	-0.025719628
8.440083154269254e-10	-0.796137	0.55115604	-0.027147206
8.450005196848465e-10	-0.7989087	0.5495048	-0.028517263
8.46020260894636e-10	-0.8018673	0.5476268	-0.029866146
8.470123828440718e-10	-0.8048386	0.54562104	-0.031122051
8.480045080121867e-10	-0.80788803	0.54343736	-0.032323863
8.490242716898649e-10	-0.8110898	0.54100674	-0.033504844
8.500163962855258e-10	-0.8142582	0.5384606	-0.03460332
8.510084862780966e-10	-0.81746835	0.53573656	-0.03565451
8.520006426813774e-10	-0.82071066	0.53283525	-0.036661215
8.530204345165689e-10	-0.82406837	0.52966994	-0.037652362
8.540126726354447e-10	-0.8273531	0.5264133	-0.038576946
8.550049212814129e-10	-0.83065045	0.5229833	-0.039464626
8.560247438409936e-10	-0.8340485	0.51927835	-0.040340506
8.570169801658433e-10	-0.83736074	0.5154989	-0.04115857
8.580093356611115e-10	-0.84067756	0.51154643	-0.04194372
8.590017292442037e-10	-0.8439969	0.5074205	-0.04269579
8.600217038672742e-10	-0.84740955	0.502998	-0.04343328
8.61014096365501e-10	-0.85072905	0.49851686	-0.044114582
8.620065017941306e-10	-0.8540453	0.4938587	-0.044757687
8.630263382503854e-10	-0.85744697	0.48888642	-0.045375537
8.640185399188636e-10	-0.86074626	0.48386845	-0.04593113
8.650106543728487e-10	-0.8640306	0.47867376	-0.046437837
8.6600278066679e-10	-0.86729443	0.47330374	-0.046891678
8.670223495314694e-10	-0.87062025	0.46760604	-0.04729879
8.680142931904068e-10	-0.873821	0.46189326	-0.047633372
8.690061950931702e-10	-0.8769785	0.45601988	-0.047903955
8.700255932857726e-10	-0.8801695	0.44982433	-0.04811255
8.710173825813768e-10	-0.88321173	0.4436511	-0.048245907
8.720093065197647e-10	-0.886183	0.4373445	-0.04830952
8.730012451144961e-10	-0.88907313	0.43091738	-0.04830313
8.740206233238959e-10	-0.8919482	0.42420122	-0.048224345
8.750126133866011e-10	-0.894644	0.41757202	-0.04807894
8.76004640848847e-10	-0.8972299	0.4108659	-0.047868013
8.770242044027844e-10	-0.8997644	0.40391064	-0.047586076
8.780162933938984e-10	-0.9021032	0.39709854	-0.047251888
8.790083304711335e-10	-0.90431005	0.39026004	-0.04686256
8.800004958994264e-10	-0.9063803	0.38341084	-0.046422094
8.81020215302731e-10	-0.9083615	0.37637872	-0.04592047
8.820123793557718e-10	-0.9101442	0.3695605	-0.045388907
8.830046092175498e-10	-0.9117833	0.36278144	-0.044818215
8.840243564795663e-10	-0.913318	0.35587147	-0.0441945
8.850164978157232e-10	-0.9146674	0.34921905	-0.043554403
8.860086907394109e-10	-0.91587746	0.3426495	-0.042883724
8.870008135793644e-10	-0.91695154	0.33617646	-0.042184036
8.880204915997304e-10	-0.91791844	0.3296364	-0.041435406
8.89012559057744e-10	-0.9187309	0.32339486	-0.040678214
8.900045797905775e-10	-0.91942203	0.3172843	-0.03989163
8.910241070602421e-10	-0.92001164	0.31115162	-0.039050642
8.920160951030671e-10	-0.92047393	0.30533847	-0.038197923
8.93008045958988e-10	-0.920832	0.29968774	-0.03730786
8.940275080350481e-10	-0.9210975	0.2940602	-0.0363499
8.950193753085067e-10	-0.921262	0.28877085	-0.035371188
8.960112332019303e-10	-0.9213399	0.28367585	-0.034341544
8.970030551761585e-10	-0.92133725	0.27878627	-0.03325595
8.980224470196624e-10	-0.92125714	0.2739864	-0.03207658
8.990142895708057e-10	-0.9211105	0.26954728	-0.030862287
9.000061130170848e-10	-0.92090356	0.26534742	-0.029577684
9.010254633294735e-10	-0.9206359	0.26129147	-0.028180053
9.020172355439303e-10	-0.9203303	0.25760955	-0.026741691
9.03009047088403e-10	-0.9199889	0.2541982	-0.025223373
9.040008355402633e-10	-0.9196209	0.2510668	-0.023623701
9.050201452115608e-10	-0.9192247	0.24814926	-0.021894308
9.06011948557428e-10	-0.9188316	0.24561082	-0.020129167
9.070037596827957e-10	-0.9184401	0.2433755	-0.018284496
9.080231480104785e-10	-0.9180494	0.24139991	-0.016308844
9.090150311430676e-10	-0.91768885	0.23979579	-0.014313379
9.10006919225225e-10	-0.91735566	0.23850913	-0.012251517
9.110263834455168e-10	-0.917049	0.23752016	-0.010070559
9.120183383056957e-10	-0.9167912	0.23688374	-0.007896944
9.130103355081161e-10	-0.91657805	0.23656881	-0.0056821983
9.140024074367738e-10	-0.9164127	0.23657411	-0.0034371056
9.150220721140709e-10	-0.91629446	0.23691064	-0.0011106192
9.160142239296403e-10	-0.91622984	0.23755613	0.0011585098
9.170064436398105e-10	-0.91621375	0.23851004	0.0034196575
9.180262926304548e-10	-0.91624486	0.23980495	0.005720822
9.190185852898626e-10	-0.91631675	0.24136275	0.007923245
9.200109187292312e-10	-0.9164244	0.24320537	0.0100757275
9.210033143745735e-10	-0.91656065	0.24532291	0.012164783
9.220233224979377e-10	-0.91672236	0.24777421	0.014232075
9.230158099831002e-10	-0.916892	0.25041482	0.016153358
9.240083005936827e-10	-0.9170647	0.25329486	0.01797431
9.250008509281077e-10	-0.9172313	0.2564014	0.019684965
9.26020988589553e-10	-0.9173867	0.25981593	0.021318939
9.270136109850644e-10	-0.9175135	0.2633397	0.022780545
9.280062218266007e-10	-0.9176079	0.26704764	0.024109844
9.2902649206704e-10	-0.9176638	0.27103546	0.025334014
9.300191831091321e-10	-0.91767144	0.2750722	0.026384188
9.310118981993179e-10	-0.917628	0.27924854	0.027294397
9.320046508654025e-10	-0.9175291	0.28354955	0.02806502
9.330249604785162e-10	-0.91736704	0.2880839	0.028713271
9.340177259698316e-10	-0.91714907	0.29259136	0.029206915
9.350105063319317e-10	-0.9168715	0.29717788	0.029568968
9.360032494355072e-10	-0.9165353	0.30182815	0.029803732
9.370236640457403e-10	-0.91613096	0.30665904	0.029917497
9.380164886556447e-10	-0.9156835	0.31139365	0.02990942
9.390092370477326e-10	-0.9151869	0.31614673	0.029789718
9.40001998468064e-10	-0.91464555	0.32090405	0.029563952
9.410223048805997e-10	-0.9140474	0.3257821	0.029227283
9.420149916683704e-10	-0.9134303	0.33050212	0.02880361
9.430077063931587e-10	-0.9127829	0.3351818	0.028290646
9.440003557794586e-10	-0.9121102	0.33980593	0.027693842
9.450205704049313e-10	-0.91139686	0.34448552	0.026998648
9.460131772922766e-10	-0.9106854	0.34895235	0.026248036
9.470057444124925e-10	-0.90996027	0.3533194	0.025429524
9.480258374841824e-10	-0.90920436	0.35768852	0.02452305
9.49018320988729e-10	-0.9084616	0.36180907	0.023583058
9.50010760935839e-10	-0.9077146	0.36578703	0.022591349
9.510031915070007e-10	-0.9069669	0.3696092	0.021553487
9.52023294771374e-10	-0.90620136	0.37336242	0.02044468
9.530157607383276e-10	-0.90546346	0.37683117	0.019331187
9.540082224100257e-10	-0.90473723	0.3801086	0.018189732
9.550007064467443e-10	-0.90402746	0.38318503	0.017026689
9.560208247563792e-10	-0.9033205	0.38612846	0.015815686
9.570133367192584e-10	-0.9026606	0.3887717	0.014629118
9.580058451712161e-10	-0.90203357	0.39119098	0.013441086
9.59026007599211e-10	-0.90142894	0.39343867	0.012225425
9.600186004117196e-10	-0.9008843	0.3953887	0.011054657
9.610111965156826e-10	-0.90038663	0.3971019	0.00990223
9.620038154065989e-10	-0.89993924	0.39857608	0.008774337
9.630239960565021e-10	-0.89953405	0.3998409	0.007647021
9.640165770616322e-10	-0.89919376	0.40082774	0.0065871123
9.650091919327196e-10	-0.89890665	0.40157527	0.0055691223
9.660018953994466e-10	-0.89867127	0.40208572	0.0045982464
9.670221897895912e-10	-0.89848065	0.40236685	0.003654817
9.680149079026527e-10	-0.89834154	0.40240866	0.0027946543
9.690076739454076e-10	-0.8982432	0.40222856	0.0019958606
9.700003068149608e-10	-0.89818054	0.40183488	0.0012626051
9.710205942174788e-10	-0.89814675	0.40121818	0.000580912
9.720133664080019e-10	-0.8981367	0.4004238	-9.134083e-06
9.730061395025186e-10	-0.89814186	0.3994512	-0.0005243135
9.740264546068014e-10	-0.8981549	0.39828157	-0.00097371545
9.75019216390484e-10	-0.8981675	0.39699477	-0.0013317681
9.760119275084598e-10	-0.89817214	0.39557868	-0.001611117
9.770046688033308e-10	-0.8981613	0.39405134	-0.0018119661
9.780250155877027e-10	-0.89812654	0.39238513	-0.0019375455
9.79017767782829e-10	-0.898063	0.39068937	-0.0019827154
9.800105958638442e-10	-0.8979643	0.3889386	-0.001954219
9.810033733458305e-10	-0.89782506	0.38715136	-0.0018549297
9.820237080258175e-10	-0.8976352	0.38529497	-0.0016826815
9.830164578119017e-10	-0.89740145	0.3834868	-0.0014507018
9.840091364293073e-10	-0.89711684	0.38169274	-0.00115945
9.850018698545526e-10	-0.8967795	0.37992698	-0.00081332127
9.860221779302742e-10	-0.8963773	0.37815577	-0.00040524566
9.87014872777003e-10	-0.8959322	0.37648714	3.7907575e-05
9.88007529021516e-10	-0.89543474	0.37488323	0.0005217895
9.890001230688735e-10	-0.8948866	0.37335348	0.0010417335
9.900202943008639e-10	-0.8942729	0.37186694	0.0016089455
9.91012875466015e-10	-0.89362967	0.3705114	0.0021882248
9.920054263639335e-10	-0.8929441	0.36925167	0.0027901935
9.930254881241428e-10	-0.8921994	0.3680624	0.0034281577
9.94017982363836e-10	-0.8914397	0.36701253	0.0040635755
9.950105030120945e-10	-0.89064944	0.36607248	0.0047095967
9.96003009816017e-10	-0.88983315	0.3652457	0.0053624334
9.970230441311894e-10	-0.88897187	0.36451715	0.0060366346
9.980154951763315e-10	-0.8881166	0.36392862	0.0066921203
9.99007959080258e-10	-0.88724935	0.363461	0.007343627
1e-09	-0.88637567	0.3631159	0.007987488
